5979 - 597 .

6009- 265
6053 - 904
6054 - 664
60545-1039
6193- 726
6493 -1199
6616 -1274
6765- 266
7426 -1275
7527 - 666
7665sqq.-217
7658 -1322
7697 -1323
7736 -1040
7739 -1364
,7750 -1041
7777- 268
7968 -1365
,7972 -1699
8089 -1042
8131- 599
8174 -1043
8192 - 813

ΧΙ.
117 - 814

137 -1156
186 - 665
207 - 600
312- 269
319 -10435
330 -11565
382 - 601
466- 602
531 - 603
546 -1276
. 5465-1366
568 - 905
575 -1277
. 594 -11585
627 - 761
. 654- 270
856 -1324
911 - 271
9735-1044

-619-

1118 - 815
1122 - 272
1209 - 604
1273 - 816
1362 -1385
1391 -1367
1563 - 273
1616 - 906
1730 -1376
1767 - 605
1791 -· 606
1800 - 274
1881 - 854
2329 - 607
2451 -1377
2538 -1378
2727 -13670
2819 -11585
2836 -10440
3163 - 608
3194 -1045
3209 - 609
3273 -— 610
3276 - 275
3356 - 276
35715-10450
3752 - 277
3759 - 278
3771 - 817
3963 - 279
4010 -1325
4211 - 611

XII.
213 - 612

218 - 613
287 -1159
338 -10455
481 - 727
533 -1160
578 - 614
592 - 855
629- 280
631 - 856
712 - 615

722 - 728
729 - 616
743- 617
825 - 618·
840 - 281
843 - 282
861 - 263
874 -1386
879 - 619
880 -1200
862 - 857
894 -· 284
912 - 818
915 -1326
916 - 907
942 -1201
973 -1046
1036 - 285
1045 -10465
1122 -1047
1381 -1367
1499 -1048
1686 - 620
1932 -1278
1939 -1386
1981 -1049
2113 -10495
2114 -1050
2124 -10505
2130 -1051
2143- 286
21755-1389
2301 - 621
2314 -1390
3559 -1391
3564 -1052
3619 - 908
4036 -1053
4117 - 267
4938- 622
5026 - 819
5102 -1327
5193 - 288
5270 -1328
5271 -1329
5272 -1330
5273 -1054
5275 -1279

5276 - 820

5350 -1055
5411 - 289

5732 -1400

. 5750 - 623

5807 - 666
5811 - 858
5813 - 624
5862 -1056

XIV.
551 - 551
515 -1151
555 -1551
455 -1155
555 - 555
555 - 155
555 - 555
551 -1555
514 -1155

1451- 551
1551- 555
1151- 555
1555 - 551
1551 - 555
1555 - 555 .
1623 -1161
1554- 155
1555 - 555
1555 -1551
1515 -1555
1514 -1555
1555 - 555
5545 -1555
5555 - 555
5555 - 623
2362 -1363
5455- 554
5555 - 554
5555 - 515

2709 -- 625 ,

2737 - 826
2765 - 630
2771 -1058
2841 - 295
3333 - 631

 

