181 -1037
182 -1289
184 -1318
185 -1304
186- 663
187 -1151
188 -1327
189 -1333
190 ν-1307
191 -1324
195 -1277
196 -1221

197 - 754.

1254.
199 -1224
202 - 614
203 - 285
204 - 99
206 -1149
208 - 949
209 -1021
210 - 788

211 ·- 583.
955. 963.
10051199.

213 - 569
214 -1229
215 - 691
218 -1173
220 - 481
221 - 169

· 222 - 581

224 -1186
225 - 886
234 -1156
235 - 916
236 -1068
237 - 89
238 - 764
239 - 226
240 -1271
241 -1319
242 -1328
243 -1068
244 -1301
245 - 669
246 - 922

247 —· 180.

-621-

866. 935.

1253.

323 -1036
325 -1091
361 -1022
362- 582
363- 915
364- 957
365- 783
366 -1335
367- 149
368- 136
369- 353
370 -1042
371- 870
372- 349
375- 946
376- 590
377- 592
378- 593
381 - 237
382- 20
383- 562
384- 261
385- 277
387 - 95
388- 12
389- 141
390- 232
391- 51
393- 123
394- 249
395- 480
396 - 716
398- 695
399 -1100
401 -1127
403- 784
404- 642
405- 850
406· 640
408- 13
409- 548
410 -1343
411 -1102
412- 914
413- 913
414- 606

415 -1198
417 -1081
418 - 27
419 - 784
420 - 253
421 - 427
422- 388
423 - 263
425 - 948
426 -1089
427 -1071
428 - 599
430 -·- 817
431 - 415
432- 311
433 - 182
435 - 745
436 - 693
437 -1153
438 -1049
440 - 328
441 -1172
442 - 404
443 - 403
445 - 306
447 - 702
448 - 260
449 -1344
450 - 879
451 - 138
452- 156
453 -1169
454 - 617
456 - 339
457 - 611
458 - 993
459 - 960
460 - 859
461 - 140
462 - 560
463 - 650
464 - 808
465 -1160
466 - 613
467 - 78
468 - 997
469 - 174
470 -1326

471 - 125
472 - 503
473 - 365
475 - 376
476 - 60
477 - 910
478 - 394
480 - 166
482- 925
483 - 728
484 - 882
485 - 300
487 - 290
488 - 827
489 ·- 35
490 -· 151
491 - 270
492 - 14
493 - 101
494 -· 406
495 - 967
496 - 124
497 -·- 956
498 - 238
499 - 292
500 - 829
501 -1001
502 - 412
503 -· 971
504 - 438
505 - 602
506 - 607
507 - 600
508 - 564
509 -1030
510 - 605
511 - 995
512 -1138
513 - 761
514 -1147
515 ··- 506
516 - 164
517 - 198
199.
519 - 849
521 - 486
522 - 167
523 -1180

 

