2401 -1313
2756 - 175
2765 -1257
2780 - 849
2803 - 176
28035- 177
2885 - 711
2907 - 755
2952- 489
2982- 490
3109 - 178
3319 ·- 179
3463 - 180
3506 - 884
3582 - 885
3727 -1258
3935 - 181
4071 - 182
4120 - 711α
4122 -1373
4180 - 183
4447 - 886
4475 - 887
4502 - 888
4504 - 491
4524 -· 889
4551 - 492
4681 - 995
4703 -1194
5001 - 493
5030 -ν 184
5370 - 712
5371 - 713
5372 - 713
5418 - 494
5501 - 185
5502 -1195
5683 --1137

5749 - 895 ’

5784 - 996
5804 - 186
5834 - 187
7156 -1138
7219 - 496
7228 -— 189
7255 - 190
7277 -1314
7384 - 191

-617-

7427 - 192
7604 -1139
7665 - 193
7759 -1140
7854 - 997
7855 - 497
7856 - 998
7858 -1141
7999 ·- 891
8002 - 194
8026 -1374
8129 - 195
8233 - 999
8234 - 498
8259 - 196
8287 -1000
8333 - 656
8397 -1361
8491 - 499
8567 - 500
8870 -1001
8896 - 197
9048- 501
9069 -1259
9077 - 502
9080 - 714
9081 - 715
9105 -1181
9127 - 198
9133 - 199
9142 - 503
9158 - 504
9159 -1002
9164 - 505
9170 -· 506
9183 - 200
9192 - 507
9350 - 508
9375 - 800
9439 -1260
9442 -1003
9473 - 509
9496 - 201
9508 -· 510
9509 -1261
9519 - 511
9525 -1196
9526 - 657

ἱ

9625 -1004
9638 ·-· 202
9642 - 512
9670 -· 203
9686 -1005
9690 - 204
9691 - 513
9729 -1262
10533 - 716
10775-1006
10828 - 205
10927 - 892
10945 - 206
11091 -1007
11108 -· 207
11292 - 208
11315 - 209
11448 - 210
11581 - 211
11594 -1182
11597 - 514
11613 - 212
11635 -1008
11665 -1315
11824 -1142
11828 -1134
11883 -1143
12103 -1144
12118 -1145
12159 -1009
12190 - 485
12191 - 213
12302 -1263
127925- 214
12866 -1264
12881 - 215
13110 - 658
13134 - 216
13265 -1265
13372 - 217
13535 -1010
14352 - 717
14379 - 218
14455 - 718
14632 - 515
14697 -1011
15220 - 659
15361 - 516

15569 - 719
15716 - 219
15719 -1012
15969 - 660
15987 -1146
15159 - 220
16265 - 221
16463 -1147
16566 -1013
16572 - 517
16651 -1014
16674 - 518
16737 -- 222
17261 - 893
18792 -1015
18812 - 894
18823 - 188
18965- 720
19052 -1316
19606 - 519
19668 -1362
19908 -1363

ΙΧ.

60 -1148
175 - 520
292 - 223
374 - 521
384 ·- 661
503 - 895
510 —- 522
546 - 523
604 - 896
678 - 524
695 - 525
700 - 526
903 - 527
944 - 224
952 -1317
955 - 528
994 - 529 ’

1020 -1149

1064 - 530

1164 -1150

1446 - 531

1524 - 225

 

