-009-

04000001 131.

Hexametri 0. 0. 10. 11. 11. 13. 14.
10. 11. 1113. 16. 17. 33. 34. 36.
3940. 46. 49. 60. 61616361.
96103107. 110.111. 110. 113.
114. 115. 136. 137. 138. 140.
141. 149. 160. 151. 151. 153.
155. 166. 168. 159. 163. 164.
166. 170. 174. 176. 177. 161.
186. 167. 166. 169. 100. 196.
199. 100. 104. 106. 109. 110.
111. 111. 131. 133. 137. 136.
146. 146. 149. 161. 166. 169.
160. 161. 161. 166. 164. 167.
168. 169. 170. 175. 177. 178.
179. 160. 161. 164. 166. 167.
160. 191. 193. 196. 606. 611.
314. 617. 610. 611. 313. 316.
619. 330. 333. 334. 366. 666.
337. 339. 343. 040. 361. 663.
366, 369. 361. 363. 364. 366.
367. 369. 376. 368. 361. 694.

961. 964. 968. 971. 974. 980.
981. 981. 984. 985. 986. 993.
995. 997. 998. 999. 1001. 1001.
1004. 1007. 1011. 1014. 1018.
1011.1017.10176. 1030. 1036..
1038.1041.1041. 10446. 1045.
1046. 10466. 1048. 1041104947.
1050411056. 1057. 1059. 1061.
1065. 1070. 1071. 1074. 1076.
1081. 1086. 1089. 1091. 1100.
1101. 1105. 1108. 1109. 1117.
1118. 1133. 1137. 1138. 1144.
1147.1148.1153. 1156. 11586.
1159. 1160. 1169. 1171. 1174.
1180. 1181. 1185. 1187. 1193.
1198. 1101. 1130. 1137. 1161.
1166118611866. 1188. 1198.
1301. 1311. 1313. 1313. 1316.
1335. 1339. 1340. 1343. 1344.
13451349. 1350. 135513576.
1368. 1376, 1378. 1387. 1389.
13961399. ·

397. 401. 403. 404. 406. 415. Pentametri 6. 47. 181. 101. 136.

446. 466. 466. 466. 446. 446.
444. 466. 464. 464. 466. 466.
466. 466. 466. 464. 466. 466.
464. 466. 466. 666. 666. 666.
666. 644. 646. 643 644. 646.
646. 646. 666. 664. 664. 666.
664. 666. 664664. 666. 664.
666. 666. 664. 664. 666. 666.
666. 664. 004. 000. 007. 009.
646. 011. 010. 013. 010. 017.
010. 646. 646. 646. 646. 664.
646. 644. 644. 646. 666. 664.
666. 007. 000. 007. 070. 072.
070. 666. 666. 000. 000. 700.
707. 700. 711. 714. 710. 710.
717. 710. 646. 664. 740. 740.
664. 664. 664. 666. 664. 666.
664. 664. 707. 709. 000. 817.
646. 646. 646. 646. 646. 666.
666. 666. 664. 666. 666. 666.
666. 070. 070. 002. 000. 666.
666. 666. 644. 646. 644. 646.
646. 644. 446. 444646664664.
070. 46666666. 646. 6466. 0400.
9400. 040. 040. 001. 666. 666.

199. 301. 481. 490. 491. 611.
644. 689. 719. 735. 741. 755.
757. 835. 905. 1018.1164.1188.
1189. 1101. 1103. 1104. 1105.
1106. 1107. 1108. 1109. 1110.

’1111 1113. 1114. 1115. 1116.

1117. 1118. 1118. 1131. 1181.
1191. 1358.

1116116141 1. 4. 7. 16. 17. 19. 31. 31.

41. 45. 43. 53. 58. 65. 67. 68.
69. 70. 71. 74. 75. 77.79. 80. 83.
85. 86. 88. 90. 91. 93. 95. 98.
104. 111. 113. 114. 115. 117.
118. 119. 116. 119. 131. 133.
135. 139. 147. 148. 157. 168.
173. 195. 197. 111. 114. 117.
119. 111. 117. 119. 134. 140.
141. 144. 146. 147. 150. 151.
155. 156. 158. 166. 167. 171.
173. 181. 189. 194. 197. 193.
301. 304. 308. 309. 311. 315.
316. 318. 319. 311. 315. 331.
338. 340. 341. 348. 351. 354.
360. 368. 375. 377. 380. 381.

381. 383. 384. 38ξό 389. 393.

 

