1527 - 720
1533 -1016
1658 - 897
1702 - 226
1730 - 532
1733 - 801
1757 - 533
1764 -1017
1817 - 534
1837 -· 227
1880 - 802
1893- 228
1921 - 229
1983 ·- 722
2042 -1018
2043 -1197
2078 - 662
2114 -1151
2128 - 230
2272 - 231
2385 -1019
2425 - 535
2616 - 536
2749 - 898
2780 - 232
2825 - 537
2975 -1020
2991 - 233
3009 - 803
3058 - 538
3071 - 539
3122 - 804
3128 --1318
3158 -1375
3184 - 540
3193 -1021
3279 - 234
3280 - 541
3321 - 542
3331 -1266
3337 - 235
3358 -1152
“ 3409 - 899
3473 - 663
3488 - 543
3543 - 236
3622 - 237
3741 - 8040

-618-

3821 -1319
3845 - 544
3876- 756
3881 - 545
3895 - 900
3955- 805
3968 - 238
4016 - 239
4370 - 901
4437 - 546
4463 -1022
4508 - 723
4666- 724
4744 -- 547
4756- 548
4796 -1153
4810 - 240
4816 - 806
4840 - 241
4922 - 242
4933 - 549
4941 - 550
5012 - 551
5036 - 243
5038 - 552
5041 ·-- 553
5059 - 807
5140 - 725
5167 -1384
5258 -1023
5328 - 554
5401 e- 555
5407 ·- 556
5557 - 557
5629 - 558
5659 -1024
5722 - 244
5762 - 245
5771 - 559
5785 -1025
5806 - 757
6281 - 560
6306 - 561
6315 - 562
6318 - 563
6328 - 758
64090- 564
6417 - 246

Χ.
126 ·- 565

174 - 850
391 - 566
461 - 567
578 -1026
633 -1267
659 -1183
664 - 247
672 -1027
762 -1268
777 -1320
1152 -1269
1194 -1184
1195 -1027α
1206 - 568
1230 - 248
1275 - 569
1284 -1028
1303 - 570
1309 - 249
1310 - 250
1315 - 571
1336 -· 902
1338 -1185
1537 - 251
1760 - 572
1887 - 7585
1920 - 808
1948 -1154
2054 - 252
2311 -· 253
2353 - 254
2381 - 809
2483 - 255
2496 - 573
2503 -1029
2533 - 903
2564 - 256
2598 -1030
2645 -1031
2712 - 574
2723 -1270
2726 -1032
2752 - 572
2792 -1033
2804 - 810
2872 - 576

2933 -1034
29360- 851
2971 -1035
3050 - 577
3142 ·- 578
3147 -1271
3148 - 579
3232 - 580
3969 - 852
4041 - 759
4142 - 257
4183 - 581
4255 -1272
4352 -1273
4362 - 582
4427 ·- 258
4428 -1155
4429 - 259
4431 -1198
4486 - 583
4540 -1036
4692 - 584
4728 - 585
4763 - 260
4913 -1156
4915 -1157

4917 - 811 -

4993 - 586
5019 -1037
5020 - 587
5099 - 588
5106 - 261
5153 - 589
5282 -1038
5313 -· 812
5371 -1321
5429 - 760
5469 - 853

5495 - 590

5631 - 591
5662 -· 592
5665 - 593
5745 - 594
5784 - 595
5798 - 596
5819 - 262
5920 - 263
5958- 264

 

