INDEX NUMERORUM.

Νιιιιοιί corporis lusonpttonum hunul-um 611111 nostris collati.

11. ,

59 -1061
369 -- 299
391 — 300
540 -1202
558 —- 1
562 — 301
617 - 911
952 -1203
970 - 729
1088 — 667
1094 - 730
1099 — 302
1103 -- 912
1126 -1204
1222 - 303
1229 -1205
1235 - 304
1292 -1206
1293 - 828
1388 -1207
1399 - 2
1413 -1166
1414 -1167
1415 -1208
1434 -1282
1463 -1209

1487 -1210
1498 - 3
1504 - 4
1512 -1211
1580 -1212
1634 -1213
1699 -1168
1728 -1214
1821 -1062
1853 -1215
1877 -1216
2262 -1283
2274 -- 305
2295 - 306
2299 - 5
2314 - 913
2335 - 914
2567 - 6
3001 - 7
3181 -1063
3256 -1064
3296 - 307
3367 - 8
3453 - 308
3475 - 309
3479 - 636
3493 -1186

3495 - 731
3501 - 668
3504 —- 915
3534 - 732
3871 - 733
4137 -—- 669
4174 -1065
4283 -1393
4314 -1066
4315 — 829
· 4350 — 916
4379 - 9
4426 -1284
4427 - 10
4428 — 917
5062 -1336
5117 -1217
5118 -1218
5478 - 310
5839 - 637
5907 — 918
5910 — 11
5965 — 12
5975 -1219
6130 -1067
633871- 764

111.
124 — 670
293 -1066
406 - 311
423 - 312
562 - 313
615 -- 13
625 — 314
666 - 315
729 - 316
754- 14

1228 — 317
1391 - 316
1537- 15
1552 - 659
1653 - 766
1759 - 16
. 1760 — 17
1654 -1069
1671 - 919
1699 - 765
1992 - 16
2063 - 319
2163 - 320
2197α- 671
21976- 766
2341 - 321

