INDEX METRORUM.

8616161166. 864. 872. 941. 942. 943. 1246. 1261. 1262. 1264. 1269.
944.1087. 1171. 12721273. 1269. 1264. 1266. 1274. 1277.
senarii 9. 37. 66. 69. 64. 94. 100. 1280. 1287. 1289. 1290. 1304.
109. 116. 134. 142. 169. 183. 1307. 1318. 1320. 1321. 1326.
184. 196. 203. 206. 213. 223. 132713331400.
226. 230. 239. 242. 249. 264. Dimetri 132. 417. 448. 481. 617.
266. 286. 303. 306. 324. 346. 646. 681. 681. 766. 786. 866.
· 346. 347. 368. 361. 366. 378. 886. 887. 976. 977. 10061067.
386. 387. 392. 396. 401. 402. 1114. 1136. 1179. 1186. 1270.
406. 416. 421. 429. 430. 434. 1347.
436. 449. 463. 467. 460. 461. 01666661669691. 1229.
494. 604. 613. 616. 618. 621. 1666111111 44. 130. 179. 180185.
628. 629. 630. 631. 642. 644. 226. 228. 267. 468. 606. 622.
649. 662. 664. 666. 667. 669. 626. 632. 633. 637. 668. 679.
670. 678. 689. 694. 696. 696. 731. 743. 744. 7686 800. 880.
697. 614. 624. 626. 626. 661. 881. 894. 902. 998. 1003, 1106.
666. 664. 673. 682. 686. 690. 1016. 1019. 1021. 1024. 1032.
700. 703. 704. 710. 712. 713. 1033. 1034. 1096. 1116. 1191.
721. 739. 746. 763. 766. 779. 1196. 1199. 1223. 1232. 1246.
780. 601. 802. 806. 806. 812. 1247. 1248. 1263. 1266. 1267.
813. 814. 816. 818. 832. 841. 1294. 1322. 1324. 1336. 1361.
862. 862. 867. 871. 874. 896. 13801388.
898. 899. 900. 901. 902. 904. Septenarii trochaici 66. 89. 379.
907. 917. 960. 973. 994. 996. 660. 669. 732. 764. 916. 922.
1016. 1017. 1020. 1023. 1037. 936. 1068. 1068. 1271. 1301.
1063. 1073. 1079. 1083. 1090. 1308.1319.1328.1977.
1094. 1096. 1099. 1103. 1106. Trochaei varii 671. 674. 740. 949.
1111. 1116. 1134. 1141. 1148. 1371.
1149. 1160. 1161. 1192. 1221. Hendeeasyllabi 146. 216. 373. 614.
1224. 1226. 1234. 1236. 1244. 666. 796. 869. 923. 1061. 1164.

 

