1159 - 798
1160- 325
1161- 463
1162 -·· 956
1163 -1120
1164 - 468
1165 - 970
1166 - 965
1168 - 312
1170 - 603
1171 - 471
1172 - 577
1173 -1119
1174 -1025
1175 4-1125
1176 -1183
1177 -1170
1179 - ,76
1180 - 53
1181 - 271
1183 - 234
1184 - 108
1185 ·- 789
1186 - 625
1187 - 214
1188 - 658
1189 - 266
1190 - 906
1191 - 858
1192 - 283
1193 - 918
1194 -· 308
1195 - 730
1196 -1064
1197 - 301
1199 -1390
1201 - 619
1202 -1330
1203- 772
1204 - 321
1205 - 340
1206 - 332
1207 -1285
1208 -· 326
1209 - 933
1210 - 665
1211 - 547
1212 - 539

-624-

1213 ·- 804
1214 - 634
1215 - 106
1216 - 792
1217 -1242
1218 ·- 408
1219 - 459
1220 - 442
1221- 708
1222 -1104
1223 - 456
1224 - 747
1225- 465
1227 - 420
1228 - 423
1229 - 454
1230 - 586
1231 -1029
1232 -1026
1233 - 315
1234 - 510
1235 - 483
1236 -· 884
1237 - 883
1238 -1142
1239 - 991
1240 -1146
1241 -1004
1242 -1263
1246 - 498
1247 -1295
1248 - 825
1250 -1107
1253 - 81
1254 - 972
1255 -1162
1256 - 830
1257 -1129
1258 - 697
1259 - 954
1260 - 632
1261- 837
1262 -1177
1263 -1130
1265 - 235
1266 -1085
1267- 26
1269 - 876

1270 - 895
1271 -1197

1273 - 272,

1274 -1292
1275 - 926
1276 - 819
1279 -1066
1280 - 803
1281 - 258

· 1282 - 398

1283 -· 197
1284 - 212
1285 - 221
1286 - 168
1267- 195
1288 - 192
1289 - 173
1291 - 181
1292 - 144
1293 - 133
1295 - 92
1296 - 147
1297 - 826
1298 -- 86
1299 - 128
1300 - 118
1301 - 104
1303- 722
1304- 959
1305 - 240
1307 - 255
1308 -1267
1309 - 861
1310 - 767
1311 - 16
1312 - 921
1313 ·- 540
1315 --1275
1316- 304
1317 -1282
1318 -1163
1319 -1157
1320- 639
1322 - 978
1324 -1031
1325 - 250
1327 -1140
1328 -1182

1329 - 165
1330 -1262
1332 -1013
1333 - 891
1334 - 207
1338 - 148
1340 -1317
1342 - 952
1343 - 79
13475- 863
1348 - 375
1350 - 936
1369 -10455
1376 - 601
1386 -· 662
1388- 393
1390 - 251
1417 -1010
1420 -1043
1428 - 289
1438 - 680
1440 - 247
1444 -1050
1447 - 727
1449 - 939
1450 -1331
1451 - l
1452 ·- 6.
299.
1455 - 201.
302. 508. ’
1456 -1239,
1241.
1457 -1219
1459 -1334
1460 - 741
1461 - 735
1462 - 689
1464 -1228
1465 - 18
1466 - 726
1467 -1279
1470 -1220
1471 -· 348
1472 -1222
1474 -— 684.
1212. 1227.
1249. 1255.

 

