—fflm-

090. 398. 400. 402. 407. 408.
410. 411. 413. 414. 423. 425.

428. 432. 435. 440. 441. 444.
446. 447. 452. 454. 455. 463.
, 464. 465. 467. 463. 469. 474.

435. 533. 533. 504. 505. 500·
500. 533. 543. 545. 545. 553.
555. 555. 555. 553. 554. 555.
555. 555. 533. 533. 534. 535.
5341533535. 000. 000. 004.
004. 535. 545. 545. 543. 555.
. 553. 555. 555. 041. 040. 045.
040. 553. 004. 005. 004. 000.
004. 535. 004. 533. 534. 533.
533. 533. 535. 535. 535. 533

733. 751. 753. 758. 759. 7601135313 mixtum 28. 38. 41. 87. 97. ’

767. 770. 771. 772. 731. 785.
. 789. 790. 791. 793. 796. 798.
803. 804. 807. 811. 819. 820.
822. 825. 826. 828. 831. 833.
834. 838. 839. 840. 842. 343.
844. 853. 857. 858. 361. 863.
867. 875. 877. 878. 883. 884.

tione compositi 1. 15. 24. 26. 30.
35. 54. 60. 72. 76. 78. 81. 161.
102. 166. 108. 144. 165. 167. ¹
190. 192. 207. 235. 271. 283.

806. 310. 326. 327. 882. 376.
374. 390. 412. 420. 422. 424.
442. 456. 459. 471. 541. 574.
575. 599. 665. 632. 636. 639.

658. 705. 706. 747. 792. 816. =
829. 830. 837. 854. 876. 906. ,
909. 910. 967. 991. 1040. 1002. ἱ

1072.1073.1080.1123.1140. χ
1146.1152.1157.1161.1163. .
1176.1182.1197.1243.1250.1
1262.1299.1303.1315.

105. 124. 345353355. 210. 1
333. 335. 344. 353. 001. 401.
402. 405. 444. 400. 455. 533.
533. 553534. 025. 054. 040.
553. 000. 534. 400. 533. 533.
555. 533. 533. 3345. 3353. 3355.
3333. 3345. 3345. 1101. 1010.

891. 895. 918. 921. 926. 928. Metram incertum 19. 99122154.

930. 936. 937. 939. 947. 952.
954. 953. 959. 965. 969. 970.
972. 978. 979. 983. 1008. 1010.
1025. 1026. 1029. 1031. 1035.
1039. 1043104341. 10450. 1050.
1053. 1054. 1055. 1064. 1066.
1069. 1077. 1084. 1085. 1083.
1091. 1093. 1097. 1098. 1101.
1104. 1107. 1113. 1117. 1119.
1120. 1121. 1122. 1124. 1125.
1126. 1129. 1130. 1142. 1143.
1152. 1155. 1162. 1166. 1167.
1168. 1170. 1175. 1177. 1183.
1184. 1212. 1219. 1220. 1222.
1226. 1227. 1233. 1235. 1239.

353. 101. 102. 215. 224. 240.
200. 201. 333. 054. 420. 401.
435. 453. 455. 440. 440. 404.w
405. 400.* 524. 553.· 540. 005.
000. 400. 4115. 410. 400. 535.
440. 450. 554. 555. 545. 051.
553. 011. 000. 333. 33453. 3353.
3353. 33554. 1112.1101.1102.
115814.11580 1104. 1140. 1140.
420110121014. 1014. 1002.
1334. 1000. 3343. 3343. 3343. ·
104010405. 1051. 1052. 1054.
1000. 105410501002. 1004.
100410051000. 1004. 13644.
1040. 1001.

1240. 1241. 1242. 1249. 1255. Ρ3353 adinstar carminis 0. 18. 43.

1260. 1263. 1287. 1268. 1269.
1275. 1276. 1278. 1279. 1282.
1284. 1285. 1292. 1295. 1296.
1297. 1800. 1305. 1306. 1309.
1310. 1317. 1329. 1330. 1331.
1884. 1348. 1353. 1360. 1369.
1379. 1390. 1393. 1394. 1395.
Η5353351313333 pentametris varia 33·

57. 61. 62. 73. 82. 84. 121. 123.
143. 171. 178. 191. 193. 194.
202. 206. 274. 295. 342. 350.
356. 372. 399. 409. 418. 419.
437. 485. 437. 493. 508. 512.
515. 519. 566. 568. 572. 583.
618. 622. 643. 647. 661. 663.
677. 692. 724. 742. 773. 774.

 

